Mosteller = 1.65831
Du Bois = 1.65866
Fujimoto = 1.61529
